0,-1.63447908707456,37.16384994470509,13.248489157016692
1,12.200285681695627,88.8918405346745,13.218682280139435
2,23.328873787057297,89.24957513299408,13.091557041275353
3,34.52169228725632,89.24957513299408,12.964658141019479
4,40.85050750690859,89.3429743482551,12.830528666030139
5,44.591433748512316,90.87068631500564,12.583989367388241
6,46.808761685566544,90.87068631500564,12.235057105337493
7,53.240343496461946,90.87068631500564,11.933235616298404
8,58.61397504105252,91.42233348544455,11.080786720691846
9,61.73263308202465,91.42233348544455,9.622254366734698
10,68.42413900321552,91.42233348544455,7.283617743602748
11,72.05945226277089,91.42233348544455,5.748040067037435
12,75.33871711621234,91.42233348544455,4.545235101146305
13,78.62250985092219,91.42233348544455,5.166604414385775
14,76.60883213865415,91.42233348544455,6.293129803000874
15,79.11871860912933,91.42233348544455,6.461921574789786
16,90.15849995499858,91.42233348544455,0.5299113883394972
17,90.99762245014381,91.42233348544455,0.02218793234074416
18,90.81738571323545,91.7539910071263,0.06467260875800572
19,90.04546250948755,91.7820069069574,0.14798849925328778
20,91.25729876082836,91.7820069069574,0.15835599475241846
21,89.87308515345545,91.85303067432474,0.20007429325812928
22,89.93463302649602,91.85303067432474,0.18098667048099404
23,89.88869328968366,91.85303067432474,0.1952323046887083
24,90.20351321984076,91.85303067432474,0.10393434508606551
25,89.86357237084049,91.85303067432474,0.19028628912043613
26,90.91251159341775,92.31215988124863,0.2150228055040542
27,90.20721726292328,92.31215988124863,0.3930469160755695
28,87.93262469907887,92.31215988124863,0.6625990656712495
29,87.1152779948044,92.31215988124863,0.8311197787726409
30,87.69424775468728,92.31215988124863,0.7156878624607442
31,91.19154362597713,92.31215988124863,0.38097768187645814
32,89.76395893569929,92.43671803244051,0.4969998629737392
33,89.05102165596605,92.43671803244051,0.8709843563647868
34,86.61526986008786,92.43671803244051,1.20138576991865
35,87.76552696084207,92.43671803244051,1.2479926027609405
36,91.99380846692537,92.43671803244051,0.2548681898197272
37,92.02090679121406,92.43671803244051,0.11778449788996188
38,90.7244019114976,92.43671803244051,0.33531886301453667
39,91.54158772989794,92.43671803244051,0.4555595350249581
40,90.84153655409744,92.43671803244051,0.5484978594584072
41,90.34191967387079,92.43671803244051,1.0022872132777876
42,90.58012416264232,92.43671803244051,1.4669979240948154
43,88.51127246162231,92.43671803244051,1.3667381973426571
44,91.69746046408162,92.43671803244051,0.20917212117533143
45,92.42862570559436,92.43671803244051,0.024365046588583156
46,91.98965679644013,92.43671803244051,0.04354856211406778
47,92.17556069617405,92.43671803244051,0.06159891104915397
48,92.12254763618964,92.43671803244051,0.04226701418024845
49,91.71681562554122,92.43671803244051,0.06510200000041967
