0,1.1344879408554975,87.66408495760489,13.330632140963555
1,16.912938299770193,87.66408495760489,13.154792268985432
2,31.253976104461437,87.84899780197095,13.039316749738147
3,39.47099067309444,87.84899780197095,12.914691304322762
4,44.632755403267545,90.53840917348516,12.818242998337414
5,50.01468230232691,90.53840917348516,12.633209468434988
6,52.987973349017025,90.53840917348516,12.493408554071468
7,56.07690161956785,90.53840917348516,12.17891962386938
8,65.56180287224119,90.65741183739884,11.002329832741363
9,75.79386289008437,90.9899098464566,7.561531410871672
10,86.50831867659024,90.9899098464566,2.51562875708522
11,88.78844882577096,90.9899098464566,1.0329293997001974
12,87.90794338330338,90.9899098464566,1.3197363628229282
13,88.82040355965296,91.58226390248414,1.4615781381081854
14,88.3714646465398,91.58226390248414,1.6524488930063463
15,88.75353669041091,91.81286758433309,1.6481398736406525
16,88.52527596293359,91.81286758433309,1.7396815408170572
17,87.31396212802524,92.18908849131942,1.71450283322815
18,88.02891308912177,92.18908849131942,1.729683615669208
19,86.18868728807757,92.18908849131942,1.6772933047208722
20,88.2039613429911,92.18908849131942,1.5126135439759167
21,88.47597653870953,92.18908849131942,1.665240578989763
22,88.81043649563611,92.18908849131942,1.6637953554537577
23,88.7862092842956,92.18908849131942,1.2065576667710736
24,91.38321381678738,92.18908849131942,0.22386691621595214
25,92.17868359675413,92.18908849131942,0.016372845428880206
26,91.8912556997756,92.18908849131942,0.04221181290287467
27,92.18908849131942,92.18908849131942,0.0
28,92.10794382028928,92.18908849131942,0.041965783525332576
29,92.17528818960558,92.18908849131942,0.02206411948534653
30,91.70568867529931,92.18908849131942,0.04160364214562657
31,92.16256126377812,92.18908849131942,0.06324845412577168
32,92.02867037359626,92.18908849131942,0.043648684428193356
33,92.18908849131942,92.18908849131942,0.0
34,92.17651001675465,92.18908849131942,0.022524061170891733
35,92.0450379066212,92.18908849131942,0.022399425937750524
36,92.1386234131015,92.18908849131942,0.021518694758965985
37,92.1391433278928,92.18908849131942,0.06491751661910171
38,92.18908849131942,92.18908849131942,0.0
39,92.14281312409054,92.18908849131942,0.043248634214445095
40,92.17917857778222,92.18908849131942,0.022021782140676602
41,92.12940874919782,92.18908849131942,0.0456096896389847
42,91.56177544112715,92.18908849131942,0.10454116261428982
43,92.12535027875983,92.18908849131942,0.042362074238666676
44,90.98227695691594,92.18908849131942,0.08830630436957217
45,91.80821326332811,92.18908849131942,0.021725795078214667
46,92.04015174080797,92.18908849131942,0.021328579033784427
47,91.77097355749562,92.18908849131942,0.04625723136906374
48,91.99176138945954,92.18908849131942,0.02181654727147685
49,91.86181617272824,92.18908849131942,0.041971835879152895
