0,1.544504115056812,86.96254228755677,13.23231305541544
1,17.176780828672296,88.7990563485891,13.211048260745772
2,29.59158873200269,90.72646729060229,13.077046306153067
3,42.00989216125572,90.72646729060229,12.948184908552657
4,49.385662994848126,90.72646729060229,12.804118415982126
5,54.15202118986943,90.72646729060229,12.534494204487316
6,57.76327564163531,90.72646729060229,12.421146864197446
7,57.123720557280684,90.72646729060229,12.298413194287695
8,61.31168572689361,90.72646729060229,12.190527417104997
9,59.88241326184951,90.79532583148278,12.13305687352982
10,63.59119522853104,90.79532583148278,11.819483929326845
11,66.24592014548942,90.79532583148278,11.702117488304145
12,73.234496000781,90.79532583148278,10.88277957258673
13,80.72810150780963,91.45203684469706,8.571435435571203
14,87.06102935254417,91.45203684469706,2.724578969136601
15,90.68823659104055,91.45203684469706,0.17807608912941716
16,90.66947707860677,91.71093519354962,0.17327761731646635
17,90.81886214004425,91.71093519354962,0.2256068050987913
18,90.38853840019942,91.71093519354962,0.3766025366734135
19,90.28548906642652,92.54279990665192,0.5553324846759965
20,88.97296698325272,92.54279990665192,0.7771147249517897
21,88.6409581668267,92.54279990665192,0.9289985782747977
22,89.14695811130453,92.54279990665192,1.0051573237929363
23,89.40105654728512,92.54279990665192,1.0710238875013833
24,89.13234360535145,92.54279990665192,0.8553322942779001
25,90.79078770631703,92.54279990665192,0.45585775364459996
26,90.9049192215213,92.54279990665192,0.28098229893926524
27,91.19819623605372,92.54279990665192,0.35054738579755385
28,90.06690830807038,92.54279990665192,0.5259543677050491
29,89.84340991976923,92.54279990665192,0.7578549967469997
30,90.36184618895055,92.54279990665192,0.7020527960862354
31,92.0951402669442,92.54279990665192,0.1059561806239551
32,92.4959936147205,92.54279990665192,0.02139051081046645
33,92.44265857441928,92.54279990665192,0.02206274593202036
34,92.53201703770665,92.54279990665192,0.019695232162763993
35,92.49523609527374,92.54279990665192,0.043083869407114984
36,92.15736244138007,92.54279990665192,0.06665195122247047
37,92.12216454254381,92.54279990665192,0.06378557171295869
38,92.54279990665194,92.54279990665192,0.0
39,92.51849162388986,92.54279990665192,0.021439027517126483
40,92.44996041674761,92.54279990665192,0.04547132817364028
41,92.54279990665194,92.54279990665192,0.0
42,91.27622126803053,92.54279990665192,0.10701867845546074
43,91.80326644910092,92.54279990665192,0.08995866267122382
44,92.36699947758788,92.54279990665192,0.04609155723428303
45,92.12796476294331,92.54279990665192,0.042712885932763636
46,92.54279990665194,92.54279990665192,0.0
47,92.54279990665194,92.54279990665192,0.0
48,92.49746959860805,92.54279990665192,0.045041115242936705
49,92.53501114384339,92.54279990665192,0.02165463151198056
