0,298.60471129257616,496.87592718524706,13.281494149365408
1,360.6123511652942,709.0633993376443,13.11570885500454
2,398.02201641749735,709.0633993376443,12.952332226433974
3,444.4083455267011,709.0633993376443,12.714284561999149
4,460.82284822623177,709.0633993376443,12.739853207385092
5,475.5832468412663,709.0633993376443,12.772613668972653
6,486.63064554253765,790.0205750436826,12.717130239045813
7,493.342185197385,790.0205750436826,12.546163233181673
8,500.55856968175243,790.0205750436826,12.340019285978501
9,504.4818527742351,790.0205750436826,12.22701707653903
10,489.29944062737127,793.4969209358061,12.190434750980211
11,495.39330972923364,815.0083665073898,11.913528253950926
12,524.3700086123223,815.0083665073898,11.639495652579097
13,542.9301618839849,815.0083665073898,11.241125716445442
14,582.0990660217042,815.0083665073898,10.182797597778597
15,607.049618489,815.0083665073898,9.801039661433395
16,650.7898942956513,830.2907514707766,9.2931402511944
17,660.284244019896,830.2907514707766,8.992226350413475
18,680.482789246542,830.2907514707766,9.076356204317525
19,674.7734624872966,830.2907514707766,9.173494932209008
20,642.1711435931487,830.2907514707766,9.309862930516703
21,660.096942487977,830.2907514707766,9.36624541386234
22,663.9479082726003,830.2907514707766,9.287582961821192
23,674.4184863669178,830.2907514707766,9.202064331809261
24,672.6667262183496,925.0575401561049,8.863516637366066
25,691.4220643596132,925.0575401561049,8.498629421731108
26,689.8949302317642,925.0575401561049,8.262575011204106
27,702.8726038393852,925.0575401561049,7.935190902879657
28,693.3139398612213,925.0575401561049,7.807475485375364
29,702.6802569503714,925.0575401561049,7.681616688013376
30,690.6240218051847,925.0575401561049,7.318748857909652
31,719.0569023156241,925.0575401561049,6.927677506764914
32,729.8139359110446,925.0575401561049,6.573931572050649
33,735.2384807029589,925.8612962804821,5.730778106536808
34,753.4992818072508,925.8612962804821,5.251292408963494
35,753.9386370898372,925.8612962804821,4.755670743366868
36,760.9097168483212,925.8612962804821,4.592565737570592
37,777.3561258821316,925.8612962804821,4.585850500348954
38,774.0888249723852,925.8612962804821,4.599721386821737
39,771.0907465736519,925.8612962804821,4.362287119404613
40,779.8214724392552,933.285838403815,3.958842532729034
41,786.6934921370718,933.285838403815,4.072657860458267
42,782.8574705398444,933.285838403815,4.021630003928741
43,790.7977294683913,933.285838403815,3.7752814322761004
44,788.6428312140031,933.285838403815,3.935964180255833
45,774.2502454272991,933.285838403815,3.9062779841842223
46,787.9584904961898,933.285838403815,3.8960177271537493
47,788.0618116712706,933.285838403815,3.7713748739851987
48,779.3517239809968,933.285838403815,3.80363546228223
49,790.327979704802,953.334510203279,3.752787766282917
