0,-5.42244026372871,14.880687375112409,13.261000226656384
1,-2.290074254478059,14.880687375112409,13.068616813366202
2,6.058017749284016,30.396551333534777,12.795247461824834
3,14.309818850659802,43.95754834512932,12.448122073348163
4,23.166219605558943,44.08615790872406,11.899426927422397
5,28.04069980094338,50.446320390620116,11.756539886415691
6,31.25991605757657,50.446320390620116,11.632506800467887
7,33.792875860199956,50.446320390620116,11.489500122728057
8,34.673382772665406,50.446320390620116,11.347527885745833
9,37.78576144736838,50.446320390620116,11.143304449029786
10,38.579074297085874,50.446320390620116,11.075252965297517
11,39.86164101182674,50.446320390620116,10.785599992451722
12,42.57705378345321,50.446320390620116,10.004044016683903
13,42.28459153020941,50.446320390620116,9.935275341379953
14,42.7722696092586,50.446320390620116,9.825409173310213
15,41.353182014494394,50.446320390620116,9.827790506313972
16,41.72942466079257,50.446320390620116,9.356188445304534
17,43.97480331325405,50.446320390620116,9.007710035090629
18,44.52302439252971,50.446320390620116,8.672059417109365
19,45.04879950521214,50.446320390620116,8.420811386678107
20,44.47851222445892,50.446320390620116,8.475851257144082
21,46.20835916896118,50.446320390620116,8.428358457894715
22,44.395740219610005,50.446320390620116,8.306983383991541
23,45.74834823986008,50.446320390620116,7.7630165229089405
24,47.64425283316159,52.091518152201516,4.208372864965651
25,48.924127193018215,60.157498688594615,1.0523761424846787
26,50.8918363654928,60.157498688594615,0.5734437022037063
27,51.25520740387179,60.157498688594615,1.0499942474725958
28,49.82159112934738,60.16852215794376,1.3366210389619202
29,52.71004676952294,60.16852215794376,1.2314576442432306
30,54.654879643614805,60.16852215794376,1.0366163264201382
31,57.88874101176166,60.16852215794376,0.7424199570235884
32,56.23309327362212,60.16852215794376,0.8685009791785505
33,55.29341482529195,60.16852215794376,1.168134255218743
34,59.43515489045205,60.16852215794376,1.1077054238062056
35,60.1627899538822,60.16852215794376,1.06452128715047
36,60.162789953882196,60.16852215794376,1.0645212871504701
37,59.60507948749283,60.16852215794376,1.109098535702046
38,59.57577708850437,60.16852215794376,1.0847552613550602
39,59.64312424346572,60.16852215794376,1.0871278796517438
40,59.27537626399194,60.16852215794376,1.1052808284984785
41,56.428411255391595,60.16852215794376,1.0258815867244198
42,57.4531135484563,60.16852215794376,0.5095743157710328
43,60.16852215794377,60.16852215794376,0.0
44,59.9289276655862,60.16852215794376,0.029936396930739954
45,60.16852215794377,60.16852215794376,0.0
46,60.16852215794377,60.16852215794376,0.0
47,60.16852215794377,60.16852215794376,0.0
48,59.58103098985661,60.16852215794376,0.06225447496501377
49,58.73095317559948,60.16852215794376,0.09997250181339985
50,59.126466577717935,60.16852215794376,0.09419800044379295
