0,-5.630616751435682,12.021340401309828,13.249772293582359
1,-3.3053983343730358,19.27763970667972,13.157609825953479
2,3.2030161063546854,27.830853783254614,12.975436034086364
3,9.6049698925714,27.830853783254614,12.818082170004288
4,11.862943995101778,36.18365737668931,12.622869558429816
5,14.588419704857467,38.56299726565025,12.211345073883857
6,17.131160257261506,42.72170375870722,11.165728154975582
7,22.325898955463632,42.72170375870722,8.09123807955639
8,25.09481399389956,42.72170375870722,4.478636979408311
9,27.635632798565027,42.72170375870722,4.339668677663759
10,28.14430229131346,42.72170375870722,5.998574193961774
11,27.958931624281327,42.72170375870722,8.638390604639525
12,32.83429598466828,46.54841598540584,6.382613244424412
13,41.357197313904884,48.44436522273473,0.5076838382547054
14,42.445513306798965,49.57088596855516,0.2998400524223382
15,42.00939284652644,53.59983207028059,0.4690511674945541
16,41.31399768465383,53.59983207028059,0.6580781032662043
17,42.331532499252944,53.59983207028059,0.7897954623176721
18,41.71117887676292,56.80110568814503,1.2044909776275776
19,43.55101687460354,60.29455884150283,1.2877096572131344
20,49.560525189711264,60.29455884150283,0.756656293647143
21,53.363478801018076,66.79342805884343,0.1543255079868625
22,52.64384014813285,66.79342805884343,0.17246724567367758
23,53.60950311952296,72.59113518987475,0.12203421205988303
24,54.0204701262446,72.59113518987475,0.20653198549987442
25,54.66416616333485,72.59113518987475,0.3139276199456261
26,54.803239457163336,72.59113518987475,0.3998635904528698
27,57.44809942338727,72.59113518987475,0.38451015747319583
28,61.66324644603127,72.59113518987475,0.4094547438961037
29,65.930676105405,72.59113518987475,0.31848745226132025
30,69.7620800450594,78.21351817060395,0.17410163486973085
31,72.39063941064873,78.21351817060395,0.0775053644847088
32,72.75241552974515,78.21351817060395,0.06587000212498262
33,73.02674753011432,78.21351817060395,0.14429607348472573
34,74.96105087012805,78.21351817060395,0.15387170343430676
35,76.81164860681069,78.21351817060395,0.12506498663261545
36,77.55268080531532,78.21351817060395,0.08747291326205126
37,77.16554024237834,78.21351817060395,0.11834885902864638
38,75.42792543223281,78.21351817060395,0.20214844959804307
39,77.52129316827532,78.21351817060395,0.0885852163166316
40,77.17913094318251,78.21351817060395,0.1106332114854463
41,77.5135784907541,78.21351817060395,0.1093026891392928
42,77.78901202125502,78.21351817060395,0.059069393354964396
43,76.5837220446476,78.21351817060395,0.12296340159550012
44,76.44291746926824,78.21351817060395,0.17067342030490767
45,76.86301223819588,78.21351817060395,0.10505674549560699
46,77.868592148067,78.21351817060395,0.06644970996904946
47,77.3945637515451,78.21351817060395,0.08313674113107285
48,77.90118878856404,78.21351817060395,0.05850156630690661
49,76.87612887605249,78.21351817060395,0.11766352179300146
