0,293.65868447109864,502.63993942373133,13.298524029821822
1,362.4049185662575,591.2276824868289,13.2307274177404
2,429.71617055448866,678.4774159133698,13.052339715723873
3,478.33930017474813,715.7783227475054,12.78433164346545
4,498.51221292163973,735.9366393330532,12.646251337881658
5,540.7447552515915,792.5784642598999,12.539284763552022
6,575.5239298350989,800.4552752544781,12.391051866997245
7,577.6386566206245,800.4552752544781,12.32335446853661
8,599.7448630311569,808.5390930049083,12.130909987551627
9,624.2539418838346,808.5390930049083,11.946739617064777
10,631.8187788095221,832.2087599662964,11.869643660725657
11,656.4078666961868,834.242325692867,11.865732135030726
12,682.5856084465335,834.242325692867,11.81391018870826
13,680.6504937453828,836.8382432192205,11.870819390617989
14,677.876545434495,836.8382432192205,11.840183381107448
15,686.6240392474033,836.8382432192205,11.840375443249796
16,688.8440453222465,836.8382432192205,11.81328323765612
17,710.1449830994359,836.8382432192205,11.76714173779911
18,714.5146928863552,836.8382432192205,11.694511311922536
19,738.8081737047426,840.5952616856599,11.569309191744768
20,754.30983046741,840.5952616856599,11.56264562246422
21,751.4051561843821,841.6889974817865,11.372394920550226
22,774.584939525667,841.6889974817865,11.04489307206103
23,778.3163775398307,841.6889974817865,10.997792731119306
24,782.6093008398121,841.6889974817865,10.936487204290666
25,787.376994912746,844.0999217886846,10.5316294442035
26,798.1663039041266,846.1082578453229,10.123307124904834
27,798.2191223811938,846.1082578453229,9.991999313021012
28,809.8516511889663,846.1082578453229,9.933415276918375
29,800.7760603904799,846.4443885960395,9.944123725668831
30,814.1450956315091,846.4443885960395,9.93471854009304
31,819.4432026613781,846.4443885960395,9.90468589085206
32,813.076595436567,846.4443885960395,9.93030071213612
33,797.5197904898679,850.6623929545149,9.864767359908551
34,805.8226230851784,853.5204720545945,9.721604383919423
35,782.957029911002,853.5204720545945,9.062060576932778
36,790.5282128222043,853.5204720545945,8.576763907620327
37,784.8690176985444,854.112884003342,8.33681464867882
38,776.8142948496869,854.112884003342,8.432895767320463
39,773.7974020152095,855.1276342358149,8.407062960681174
40,771.844630547554,855.1276342358149,7.842748656770143
41,779.2212547019349,855.2221741676201,7.139959771227007
42,794.6122757190799,910.0640760299992,7.004022304152895
43,803.6414138295577,910.0640760299992,5.9162472078837105
44,788.211175937523,910.0640760299992,5.374106751669895
45,800.4156516861871,910.0640760299992,5.159832595402541
46,806.7361171677297,910.0640760299992,5.645324525089738
47,793.3215970542268,910.0640760299992,5.4625724094116945
48,790.3121367668147,910.0640760299992,5.543209661339045
49,792.7192630150429,910.0640760299992,5.466910786123891
50,795.1818428043266,910.0640760299992,5.485684350468012
