0,288.3678521520877,497.2365356270251,13.26657517564455
1,375.91312700122216,643.791756386126,13.065982189658103
2,440.27632634380825,784.1459168603018,12.918181520079349
3,492.02355350276224,790.0132554200687,12.695716474635146
4,554.7093125686532,796.7281235821092,12.338801829710466
5,602.7558296848927,801.3360425161617,12.107986184746817
6,655.2889654784024,808.7176237030551,11.797101012933549
7,696.8249440515808,808.7176237030551,11.64873293097671
8,708.6579159111448,815.7723836606298,11.62254162934128
9,724.2804615520912,865.9074212815801,11.53618771933229
10,734.1334519444035,906.1457390921198,11.465730974645066
11,756.5967515646888,975.6671090124066,11.41955850082695
12,746.9460061347422,975.6671090124066,11.199287353853125
13,771.6461522190407,975.6671090124066,10.965908226228242
14,737.8859911147854,975.6671090124066,10.161878567872462
15,769.6787444855408,975.6671090124066,9.389479599844785
16,794.8076945807296,975.6671090124066,8.759171970889781
17,807.1436217139712,975.6671090124066,8.441968963025243
18,807.0956040688658,975.6671090124066,8.479049169213317
19,793.0113998934859,977.6227546187646,8.005942095062544
20,807.5897989995412,977.6227546187646,6.3780617517002876
21,827.0197401244357,1001.6965890039374,5.422790653168107
22,828.4122317293672,1001.6965890039374,4.716333990545487
23,837.2587772665539,1025.9461101305417,4.689868961668291
24,856.8720313899602,1025.9461101305417,4.485516341193103
25,856.8089954485268,1026.968098733781,4.049088189074826
26,848.6669478250856,1026.968098733781,3.9820533343662246
27,844.166822261252,1026.968098733781,4.08798176769417
28,835.7995622818954,1026.968098733781,2.8220642099526816
29,852.0170785853946,1026.968098733781,2.9162429849731404
30,861.9474988754941,1026.968098733781,2.955259328744259
31,871.1579999400047,1058.1134489836636,3.041857770488624
32,869.0413831403798,1058.1134489836636,3.0769033359353544
33,845.3754321698334,1058.1134489836636,3.136016732791443
34,868.5782657079747,1058.1134489836636,3.145715533080043
35,846.5079117991129,1058.1134489836636,3.2050772032523676
36,862.1784808606773,1065.6306684645135,3.2097506765369266
37,874.1575755773523,1065.6306684645135,3.1348029772558395
38,872.8010671866332,1065.6306684645135,3.1014301357405047
39,876.4472123448768,1065.6306684645135,3.1828577696992983
40,867.3120277597321,1065.6306684645135,3.216818515316055
41,892.7233419084945,1065.6306684645135,3.1587368246583636
42,890.5606086583787,1065.6306684645135,3.1079333767241573
43,902.9808312547719,1065.6306684645135,3.185923730055684
44,896.0191957281689,1065.6306684645135,3.105294483597527
45,901.8343827196703,1065.6306684645135,3.063680202736649
46,919.0615579578248,1065.6306684645135,3.0399666562178225
47,904.3957418770091,1065.6306684645135,2.9920571304099757
48,912.5993165328334,1065.934283787734,2.9587701531005703
49,914.6184016190203,1065.934283787734,2.8447968779158392
50,905.6652070885627,1065.934283787734,2.8773333292149483
