0,298.6898653086201,608.6552703525718,13.210793213456835
1,374.309071943692,812.5845220525377,13.062496131534253
2,453.02366607574146,812.5845220525377,12.911161695692774
3,504.41267950385986,864.2527819587472,12.688084632786998
4,557.7115506974767,924.4986485908711,12.197433088113875
5,589.1649400577716,924.4986485908711,11.963083864719074
6,615.7998356372154,976.8884509058983,11.826951427166929
7,634.6895451391438,977.8142310108336,11.69053260555581
8,653.4112988540484,981.5924799001489,11.557103026233188
9,670.7464567838716,981.5924799001489,11.386167093105923
10,699.5430361036329,1012.016464631593,11.215065163518071
11,716.2959116363501,1012.016464631593,11.064411387516435
12,736.1398496293077,1012.016464631593,11.083167940715905
13,743.3426814168995,1012.016464631593,11.138957951565212
14,745.2644916461637,1012.016464631593,11.107196387117776
15,744.0638371513709,1019.7034095263407,11.079411882069476
16,756.7811477340224,1019.7034095263407,11.081781126357242
17,770.5326349529589,1020.6460767835542,11.087715292597526
18,789.6402992730681,1023.4897172710814,10.988032974806151
19,816.7920281974199,1026.1313424869538,10.908834402022181
20,826.6309717261054,1026.771606806795,10.794006849754048
21,818.6993028050426,1026.771606806795,10.719952204466791
22,821.6055722385703,1026.771606806795,10.546251891808799
23,851.0723541164172,1026.771606806795,10.223763637479514
24,831.3904110808129,1027.987866501503,9.811781033154707
25,821.3091076467422,1027.987866501503,8.34179924741329
26,852.8414777011698,1028.3743295838203,6.8491584999106045
27,859.3509526313854,1028.3743295838203,6.659574679333531
28,865.2527760469077,1028.6657511645383,6.104775634946914
29,880.0225867587625,1028.6657511645383,5.541201136090032
30,888.0709749048187,1028.6657511645383,5.198168839227217
31,871.7314690372173,1033.8662042304502,5.113436743483787
32,877.7076224617052,1033.8662042304502,5.039476596217063
33,833.8799022826759,1033.8662042304502,4.852461548627152
34,845.6589125789613,1033.8662042304502,4.527831274319212
35,831.5287077251677,1034.405052349364,4.424743892042751
36,863.5792566893972,1034.405052349364,3.988357557142127
37,860.1949844861094,1034.405052349364,3.6698860968539524
38,871.4295329545723,1034.405052349364,3.6462174452317972
39,885.0656938204255,1034.405052349364,3.0760887811708773
40,885.4076299257329,1034.405052349364,2.827729174105939
41,863.047150225928,1034.405052349364,2.6353561578899347
42,871.4705424149495,1034.405052349364,2.3072529093950664
43,874.4304120788455,1034.405052349364,2.4526882492834305
44,865.1646343603417,1034.405052349364,2.5336808270714655
45,853.2938636354706,1034.405052349364,2.5623236003985714
46,866.1938738422249,1037.5343696283946,2.5075960430770814
47,869.1118071330139,1037.5343696283946,2.461431377702739
48,883.5454656153051,1037.5343696283946,2.6309768070321304
49,879.7025745948442,1037.5343696283946,2.702836486132401
50,845.4758178466301,1037.5343696283946,2.7792290419975427
