0,-2.773775612478869,76.70788216708426,13.290824693978594
1,14.909158938016896,87.66395279448824,13.086661875638356
2,38.149707430588386,89.0645493229729,12.82564153322513
3,63.25291871974605,89.0645493229729,12.495711909244678
4,80.14911007648365,89.50986510149923,11.889023596640259
5,83.85686084861676,90.40066158284105,11.58041975971564
6,86.80294438079422,90.40066158284105,11.281205122710016
7,88.01873578902581,90.40066158284105,11.17291838860249
8,87.00550357856372,90.40066158284105,11.170570917908627
9,88.01542037716028,90.4909767438837,10.972769105112588
10,87.96140390724271,90.4909767438837,11.009266957371267
11,88.80097958598421,90.4909767438837,11.02659819373082
12,89.08252722212632,90.59898957128117,9.951828266284537
13,89.91821607460463,90.59898957128117,9.428595557424444
14,89.64969883127043,90.79822742070712,9.437841796818448
15,89.22932538214447,90.79822742070712,9.45002718984694
16,89.81271719004363,90.79822742070712,9.436533147536531
17,89.66907658586004,90.79822742070712,9.454695405902193
18,89.74276787549519,90.79822742070712,8.926648644208278
19,89.79526319663343,90.79822742070712,7.799558783805146
20,89.91289597584215,90.79822742070712,7.779970800320028
21,89.97523624828824,90.79822742070712,7.885121358616423
22,90.58494012023034,90.79822742070712,7.771766276577499
23,90.57544806769064,90.79822742070712,7.799088055890508
24,90.03228638368863,90.79822742070712,7.828829727103135
25,90.54955148184337,90.79822742070712,7.877312823775336
26,90.55161498494907,90.79822742070712,7.909666407506305
27,87.679925553838,90.79822742070712,8.00135847492105
28,90.48299168324293,90.79822742070712,7.324255986868556
29,89.7613198370261,90.79822742070712,6.877001186581682
30,90.72659944967785,91.6006437451996,5.971717149544163
31,90.77474442914743,91.6006437451996,6.087262458566532
32,90.32072926890214,91.6006437451996,4.292385344315502
33,90.83200990882506,91.6006437451996,3.4903603790643625
34,90.18471983093836,91.6006437451996,1.8717794949093793
35,90.91842002650316,91.6006437451996,1.2566571964162734
36,90.91842002650314,91.6006437451996,1.2566571964162736
37,90.86695728360557,91.6006437451996,1.2863216506529702
38,90.49602432025243,91.6006437451996,1.284912825536125
39,90.9266140326259,91.6006437451996,0.4199303163903613
40,90.9266140326259,91.6006437451996,0.4199303163903613
41,90.30919955856672,91.82742184809557,0.6220330663161777
42,88.70190966386683,91.82742184809557,0.690443783849946
43,89.13933846182618,91.82742184809557,0.9584910853089458
44,89.95094565405697,91.93444093147097,0.9311405291770053
45,90.30760063645434,91.93444093147097,0.7065796653531989
46,91.0459227572686,92.05324250483994,0.5831428169470037
47,90.90101580941777,92.05324250483994,0.7683071372063868
48,89.81888728578434,92.05324250483994,0.6675294889223373
49,89.28035810247728,92.05324250483994,0.9166629850132986
50,90.28443778517338,92.05324250483994,0.931545669364791
