0,251.64931918838414,307.7009771460508,13.31336437305517
1,337.5806001273842,496.8479381362639,12.294593466400489
2,372.1030340346325,507.6266048852536,11.923139367985415
3,373.03838671255846,507.6266048852536,11.976594093655972
4,385.7072773027454,509.20272351372876,11.931094371199833
5,420.343610262484,706.1280002302517,10.875043627786958
6,573.0798312473732,877.9705291461551,8.654171972942525
7,598.8715281493083,877.9705291461551,8.885455908978527
8,706.264070091692,1090.1365867868597,8.634572098688606
9,713.7599692045751,1090.1365867868597,8.6241191319119
10,805.3375510558363,1090.1365867868597,5.714077923427358
