0,253.65256169790428,363.8577770012574,13.097935756284857
1,312.934984188331,442.5925064116434,11.802846676588532
2,345.7444112383012,442.5925064116434,11.672299863908146
3,350.2783527601073,442.5925064116434,11.795397752648256
4,361.4503311932709,442.5925064116434,11.866729046267078
5,380.29478958489364,442.5925064116434,11.733367361644257
6,405.8437318616493,442.5925064116434,10.53136074893851
7,438.25710067886587,457.5828973483319,10.70937590915132
8,441.6607969554966,457.5828973483319,10.627193405032427
9,441.2847397112325,457.5828973483319,10.625001379229067
10,419.1935588696273,457.5828973483319,10.821046159606157
