0,289.4810526662442,442.5925064116434,13.294305664008592
1,373.0934055941898,442.5925064116434,12.493403561073789
2,421.81970909157843,606.2981332360752,12.287630064889562
3,506.09387893591446,673.7949326528826,11.208598016487619
4,812.1566482588099,984.255649058909,5.868440162063921
5,850.7112948443598,1063.5751403191064,5.815378411778786
6,848.506309477761,1063.5751403191064,5.627149313386192
7,884.9634061952354,1063.5751403191064,5.711787254606235
8,903.7157387964014,1063.5751403191064,5.432350098359848
9,903.7399982446301,1063.5751403191064,2.0786909248327525
10,953.3727169663322,1063.5751403191064,1.5524177071384526
