0,277.599802020057,899.5114930791977,13.315472636262179
1,378.2914948546078,976.8852670515712,13.140234398101352
2,456.62679329314676,976.8852670515712,12.915364536005724
3,521.4117939795053,1022.829975961421,12.741157852268577
4,588.9387574399531,1022.829975961421,12.552298223327732
5,682.1294714729125,1050.5373133315002,12.416940816344981
6,748.4189044399484,1077.3903286350708,12.195015649789093
7,795.1977778629165,1092.8630781900522,11.892133804506646
8,812.2584746939535,1095.470026706178,11.743015083987675
9,872.101398500005,1095.470026706178,11.451324521173007
10,889.7221139794972,1095.470026706178,11.412603332988933
11,950.6407257119986,1100.5639121016955,11.375363892369565
12,936.5665121108216,1100.5639121016955,11.341663170017645
13,913.9956361907095,1103.1230835868096,11.311270158700694
14,964.5784117739004,1103.1230835868096,11.145920739580045
15,935.023334104411,1103.3138345761079,11.124132954900464
16,952.37972546713,1105.064332921343,11.160964619965316
17,962.7042989908236,1105.9353883033427,11.113209008699073
18,996.4546588680436,1105.9353883033427,11.106036348219552
19,973.774518440897,1105.9353883033427,11.13084586208965
20,985.7947730434441,1105.9353883033427,11.200654275862604
21,967.9106366328319,1106.2294261138986,11.222934913608556
22,973.2539320449112,1106.2294261138986,10.45697879624836
23,1012.317252153405,1106.2294261138986,9.816718698143255
24,1030.6596289324305,1106.2294261138986,9.654392081379529
25,1017.5009361311584,1106.2294261138986,9.486148683398937
26,1013.9036053389701,1106.6459663797827,9.480631423380173
27,994.5835676563995,1106.6459663797827,9.325590364506635
28,973.5565075159503,1106.6459663797827,8.633084942485109
29,966.7551833049404,1106.6459663797827,8.216835725550203
30,953.2903482939586,1106.6459663797827,7.013318505244229
31,984.5781232357014,1106.6459663797827,5.019378162774676
32,1009.6828777820407,1106.6459663797827,3.471631349383465
33,1053.8380233969112,1106.6459663797827,2.961330517740256
34,1053.4472917390185,1106.6459663797827,2.701583970091989
35,1036.420900725272,1106.6459663797827,2.677095269947667
36,1026.2437109920638,1106.6459663797827,2.7742689327585968
37,1059.868902169409,1106.6459663797827,2.4847710884953864
38,1041.7939658789523,1106.6459663797827,2.59716739020683
39,1038.5906434947951,1106.6459663797827,2.3211745566443875
40,1070.2616252993023,1106.6459663797827,2.4227244220061146
41,1080.285303595716,1106.6459663797827,2.2955521821835263
42,1048.1992809147687,1106.6459663797827,2.381368682830724
43,1071.7895055373854,1106.6459663797827,2.258726596762001
44,1069.5901410235558,1106.6459663797827,2.2405495491499723
45,1066.461609162867,1106.6459663797827,2.240942418822559
46,1062.903507989863,1106.6459663797827,2.2825024026678653
47,1051.9205663367734,1106.6459663797827,2.2779726733957752
48,1062.4745132781895,1106.6459663797827,2.2430852452503105
49,1063.1485161946287,1106.6459663797827,2.287348452711073
50,1074.4958734810293,1106.6459663797827,2.3396069348538195
51,1064.623066236338,1106.6459663797827,2.3687274804353007
52,1070.958479951508,1106.6459663797827,2.397107823452399
53,1066.9305507511833,1106.6459663797827,2.3066943794565247
54,1076.558422738096,1106.6459663797827,2.383816617007082
55,1074.9030278143985,1106.6459663797827,2.4033143194258324
56,1061.1554418990936,1106.6459663797827,2.5719535010318997
57,1067.9660671746394,1106.6459663797827,2.5690265389425577
58,1071.9718447266557,1106.6459663797827,2.5169262615371935
59,1061.6275139214913,1106.6459663797827,2.458922037927047
60,1050.60559869774,1106.6459663797827,2.5710303948186097
61,1064.3308179243322,1106.6459663797827,2.51684800406729
62,1064.2172294629625,1106.6459663797827,2.466149313449595
63,1060.9536409718896,1106.6459663797827,2.5274307310574256
64,1044.6322994414488,1106.6459663797827,2.566123070344053
65,1051.701059100961,1106.6459663797827,2.6355966347931163
66,1067.7506396378624,1106.6459663797827,2.3991396513731504
67,1050.1035876311603,1106.6459663797827,2.3949770584764676
68,1050.926508447462,1106.6459663797827,2.423923993801486
69,1054.1256472390776,1106.6459663797827,2.2823662839147065
70,1056.611206306178,1106.6459663797827,2.3747564631940543
71,1067.2054683511424,1106.6459663797827,2.315442359219668
72,1051.3926320077137,1106.6459663797827,2.3811773033232746
73,1063.1110416203849,1106.6459663797827,2.3589411113466077
74,1060.421666667903,1106.6459663797827,2.4642610986486617
75,1058.804085462157,1106.6459663797827,2.474295407711668
76,1053.8986385803787,1106.6459663797827,2.337714609481549
77,1047.9769883785543,1106.6459663797827,2.2657426833162093
78,1054.2578350354722,1106.6459663797827,2.1822609479317987
79,1060.9140324168318,1106.6459663797827,2.2184452667181866
80,1055.3219310692236,1106.6459663797827,2.243229934154337
81,1028.6495971369807,1106.6459663797827,2.3561835406383316
82,1047.5453213637982,1106.6459663797827,2.31615564172873
83,1067.7783068764352,1106.6459663797827,2.3379520865209367
84,1049.7229601121383,1106.6459663797827,2.4728485910406675
85,1049.6176820783899,1106.6459663797827,2.3422542896750236
86,1040.8769234158285,1106.6459663797827,2.4989723772426164
87,1062.682437119543,1106.6459663797827,2.3609661419186287
88,1072.8932692400076,1106.6459663797827,2.3495097632519584
89,1065.0239967724385,1106.6756634273368,2.4289857609146264
90,1067.0418775391827,1106.6756634273368,2.490800884190717
91,1078.861752318948,1106.6756634273368,2.4576581568604925
92,1057.843194707206,1106.6756634273368,2.589866081725522
93,1068.884740852585,1106.6756634273368,2.4979954881074478
94,1047.566252157659,1106.6889737677598,2.75050905578783
95,1062.2852587926504,1106.701234927284,2.6622282380535163
96,1047.8637734996198,1106.701234927284,2.5823543725817477
97,1068.0523080962018,1106.701234927284,2.540073699276055
98,1059.4218560686222,1106.701234927284,2.5128543635816096
99,1045.7677387961264,1106.701234927284,2.659536291875502
100,1057.7757352448052,1106.701234927284,2.630582969218044
