0,280.37726047651137,585.6683011976936,13.317511419734998
1,390.33680824705215,983.2173617410767,13.161411087708995
2,458.4684438411913,983.2173617410767,13.018185536164466
3,540.669136975916,1079.6032677296873,12.813877193739547
4,620.9116792678732,1086.7979033616446,12.448286119414815
5,724.9542370978929,1086.7979033616446,11.756175746166885
6,783.1386693908917,1095.669274181676,11.297286279742004
7,808.6093039897992,1095.669274181676,11.261101158690947
8,821.6334608045684,1095.669274181676,11.258518027739125
9,866.1943447204169,1098.3345626182277,11.365893377195372
10,887.6044281609287,1098.3345626182277,11.300201122817572
11,920.9312868762418,1101.539303915515,11.157500087898535
12,927.9495869789148,1104.5829780509728,11.15716984236351
13,911.4764873893862,1104.5829780509728,11.264373201214825
14,965.8771917038085,1104.5829780509728,11.177300653675477
15,975.5052428014976,1104.8197033787828,11.157780484374502
16,965.4065509166072,1104.8197033787828,10.714694560543775
17,998.4572891598696,1105.3240588523613,10.440758009379307
18,994.2114094934345,1105.3240588523613,9.888547108836997
19,1000.4264074390398,1105.3240588523613,9.912277003540407
20,990.1354368336829,1105.3240588523613,9.970163698346118
21,1008.2305590521754,1105.3240588523613,9.841220251201772
22,999.1939959131894,1106.0905808889893,9.7120466293555
23,1010.5248380866371,1106.0905808889893,8.939851509365525
24,1030.9538353120408,1106.0905808889893,8.854993170622341
25,1021.7876144167811,1106.0905808889893,8.778210885630486
26,1027.3612860420362,1106.0905808889893,8.850349176993875
27,1032.622068329494,1106.0905808889893,8.707874341022997
28,1012.2054242896351,1106.0905808889893,8.377185670007592
29,1011.622806370405,1106.0905808889893,8.022113838113162
30,978.12869586884,1106.0905808889893,9.116828065575028
31,1006.8469174914875,1106.0905808889893,9.625525046932255
32,999.2195361380049,1106.0905808889893,9.93547412424576
33,930.1151408054194,1106.0905808889893,10.117535028716276
34,958.1744154343606,1106.0905808889893,9.90214965853346
35,973.3392195174697,1106.0905808889893,9.428414207619952
36,977.4580238945681,1106.0905808889893,9.200043046693265
37,996.3579154862376,1106.0905808889893,8.996803655046557
38,1001.7777695009198,1106.0905808889893,8.889461084932027
39,1029.5183239649834,1106.0905808889893,8.800325750555805
40,1048.7702445696661,1106.0905808889893,8.767112734559245
41,1026.8333178016862,1106.0905808889893,8.756421462596252
42,1012.5487816640184,1106.0905808889893,7.657714437874392
43,1010.160167283258,1106.0905808889893,7.46335330674704
44,1013.6537877604652,1106.0905808889893,7.240208812820121
45,996.8536606312857,1106.0905808889893,6.438893069951563
46,992.2731042757504,1106.0905808889893,5.807714525878236
47,1050.4545657261458,1106.0905808889893,5.742901716009476
48,1019.8208547444816,1106.0905808889893,5.838609216254094
49,1028.745880085008,1106.0905808889893,5.895747059053614
50,1025.1759464892166,1106.0905808889893,5.899561858032048
