0,281.5636793218818,814.0851388439033,13.258541293744305
1,389.51925290236125,830.5395942187764,13.200162164718154
2,483.9733064547431,1054.3923802261845,13.023504964113569
3,549.8017891094973,1097.2762046079783,12.864126553837162
4,660.0354430804692,1099.3879111758204,12.466225598936278
5,776.1160927153327,1099.3879111758204,11.927192456459489
6,884.8021446327201,1099.3879111758204,11.41835635623962
7,941.812619207578,1102.9633836474989,11.345328405992362
8,967.6000340451744,1105.9517364267524,11.280884269183003
9,976.1959382637625,1105.9517364267524,11.243494370395236
10,966.534978941953,1106.3295933406635,11.256010811636198
11,936.571296723339,1106.3295933406635,11.30380229661193
12,991.8252544179602,1106.6072995554364,11.240416739260953
13,992.7943033697715,1106.6072995554364,11.217905955655988
14,980.5722784817956,1106.6072995554364,11.247000451676172
15,979.2376975567988,1106.6072995554364,11.241433511533389
16,987.0085941519806,1106.6072995554364,11.220014273927626
17,975.5699716297067,1106.6072995554364,11.2488099853518
18,951.5179208011914,1106.6072995554364,11.217721755207203
19,954.313574311757,1106.6072995554364,11.174547297116582
20,954.9009436671262,1106.6072995554364,11.188315528304113
21,978.203968173396,1106.6072995554364,11.107523809661066
22,983.4778689807962,1106.6072995554364,11.107082820184958
23,982.3301170212485,1106.6072995554364,11.109872854869492
24,967.5913755243953,1106.6072995554364,11.028361806522192
25,981.7057127184363,1106.6072995554364,10.658905515703717
26,1003.0497438656176,1106.6072995554364,10.154412121895842
27,1027.5455977219312,1106.6072995554364,9.89130755735333
28,1003.7627124940346,1106.6072995554364,9.77243691450223
29,1006.2730742655972,1106.923663731536,9.582928344975574
30,1018.5873933745548,1106.923663731536,9.017612916509563
31,1023.6955708159687,1106.923663731536,8.803554776645361
32,994.1836856806573,1106.923663731536,8.73848967215157
33,1003.9601640520062,1106.923663731536,8.2874664950464
34,960.1617196749347,1106.923663731536,8.511080799052433
35,950.4155142456793,1106.923663731536,8.718852987232088
36,964.963690404049,1106.923663731536,8.817495691683593
37,923.3956576647377,1106.923663731536,8.51994812136937
38,932.6189800000769,1106.923663731536,8.199620627818497
39,916.3298674325833,1106.923663731536,8.158340454984788
40,935.3292440826747,1106.923663731536,7.1322754252872
41,972.8507144328271,1106.923663731536,5.0818542900206385
42,956.7727255196306,1106.923663731536,2.969607181054941
43,991.3843714776852,1106.923663731536,2.025166833952171
44,988.5721304896224,1106.923663731536,2.0808777971371097
45,1011.323164415915,1106.923663731536,2.1490272179247785
46,986.9631778143977,1106.923663731536,2.0445786174682943
47,991.517183100963,1106.923663731536,2.181167351889497
48,1014.0182458907761,1106.923663731536,2.163038854387634
49,1003.736693207336,1106.923663731536,2.2161956975941774
50,995.7519315017288,1106.923663731536,2.257324287009802
