0,267.91994052335957,444.1668143169752,13.32400063626603
1,377.81373213713897,525.2942451239146,12.434860472331891
2,414.4513827703872,559.6644975440381,12.068302674888065
3,419.9832454478894,588.57858136134,12.112132737169716
4,445.4219622317713,588.57858136134,11.038855691434849
5,447.45390840193187,588.57858136134,11.18334819165136
6,451.22501032699165,603.4600743170397,11.307938183353473
7,451.7198939801941,603.4600743170397,11.21484514087624
8,450.93332098774846,603.4600743170397,11.236934093874428
9,454.6891143012539,603.4600743170397,11.27448459154463
10,457.25314798066086,603.4600743170397,11.348465716260925
